image: demo.pgm
resolution: 0.050000
origin: [-21.337082, -4.634307, 0.000000]
negate: 0
occupied_thresh: 0.65
free_thresh: 0.196

